 1.00000000e+00 2.50000000e+01 7.50000000e+01
 2.00000000e+00 2.50001237e+01 7.49985928e+01
 3.00000000e+00 2.50003711e+01 7.49957813e+01
 4.00000000e+00 2.50007421e+01 7.49915654e+01
 5.00000000e+00 2.50012369e+01 7.49859451e+01
 6.00000000e+00 2.50018553e+01 7.49789205e+01
 7.00000000e+00 2.50025975e+01 7.49704915e+01
 8.00000000e+00 2.50034633e+01 7.49606582e+01
 9.00000000e+00 2.50044528e+01 7.49494205e+01
 1.00000000e+01 2.50055660e+01 7.49367784e+01
 1.10000000e+01 2.50068029e+01 7.49227320e+01
 1.20000000e+01 2.50081635e+01 7.49072812e+01
 1.30000000e+01 2.50096478e+01 7.48904261e+01
 1.40000000e+01 2.50112557e+01 7.48721666e+01
 1.50000000e+01 2.50129874e+01 7.48525027e+01
 1.60000000e+01 2.50148427e+01 7.48314345e+01
 1.70000000e+01 2.50168217e+01 7.48089619e+01
 1.80000000e+01 2.50189244e+01 7.47850850e+01
 1.90000000e+01 2.50211509e+01 7.47598037e+01
 2.00000000e+01 2.50235009e+01 7.47331180e+01
 2.10000000e+01 2.50259747e+01 7.47050280e+01
 2.20000000e+01 2.50285722e+01 7.46755336e+01
 2.30000000e+01 2.50312934e+01 7.46446349e+01
 2.40000000e+01 2.50341382e+01 7.46123318e+01
 2.50000000e+01 2.50371068e+01 7.45786243e+01
 2.60000000e+01 2.50401990e+01 7.45435125e+01
 2.70000000e+01 2.50434149e+01 7.45069963e+01
 2.80000000e+01 2.50467545e+01 7.44690758e+01
 2.90000000e+01 2.50502263e+01 7.44297509e+01
 3.00000000e+01 2.50538301e+01 7.43890216e+01
 3.10000000e+01 2.50575662e+01 7.43468880e+01
 3.20000000e+01 2.50614343e+01 7.43033500e+01
 3.30000000e+01 2.50654346e+01 7.42584077e+01
 3.40000000e+01 2.50695671e+01 7.42120609e+01
 3.50000000e+01 2.50738316e+01 7.41643099e+01
 3.60000000e+01 2.50782284e+01 7.41151545e+01
 3.70000000e+01 2.50827572e+01 7.40645947e+01
 3.80000000e+01 2.50874182e+01 7.40126305e+01
 3.90000000e+01 2.50922113e+01 7.39592620e+01
 4.00000000e+01 2.50971366e+01 7.39044923e+01
 4.10000000e+01 2.51021940e+01 7.38483214e+01
 4.20000000e+01 2.51073835e+01 7.37907493e+01
 4.30000000e+01 2.51127052e+01 7.37317760e+01
 4.40000000e+01 2.51181590e+01 7.36714014e+01
 4.50000000e+01 2.51237450e+01 7.36096257e+01
 4.60000000e+01 2.51294631e+01 7.35464488e+01
 4.70000000e+01 2.51353133e+01 7.34818706e+01
 4.80000000e+01 2.51413046e+01 7.34158913e+01
 4.90000000e+01 2.51474368e+01 7.33485108e+01
 5.00000000e+01 2.51537101e+01 7.32797290e+01
 5.10000000e+01 2.51601243e+01 7.32095460e+01
 5.20000000e+01 2.51666796e+01 7.31379619e+01
 5.30000000e+01 2.51733759e+01 7.30649765e+01
 5.40000000e+01 2.51802132e+01 7.29905900e+01
 5.50000000e+01 2.51871915e+01 7.29148057e+01
 5.60000000e+01 2.51943108e+01 7.28376238e+01
 5.70000000e+01 2.52015711e+01 7.27590442e+01
 5.80000000e+01 2.52089724e+01 7.26790670e+01
 5.90000000e+01 2.52165147e+01 7.25976921e+01
 6.00000000e+01 2.52241981e+01 7.25149195e+01
 6.10000000e+01 2.52320224e+01 7.24307492e+01
 6.20000000e+01 2.52399971e+01 7.23451813e+01
 6.30000000e+01 2.52481221e+01 7.22582156e+01
 6.40000000e+01 2.52563973e+01 7.21698524e+01
 6.50000000e+01 2.52648229e+01 7.20800914e+01
 6.60000000e+01 2.52733988e+01 7.19889328e+01
 6.70000000e+01 2.52821250e+01 7.18963804e+01
 6.80000000e+01 2.52910016e+01 7.18024343e+01
 6.90000000e+01 2.53000284e+01 7.17070946e+01
 7.00000000e+01 2.53092055e+01 7.16103610e+01
 7.10000000e+01 2.53185330e+01 7.15122338e+01
 7.20000000e+01 2.53280108e+01 7.14127128e+01
 7.30000000e+01 2.53376486e+01 7.13117981e+01
 7.40000000e+01 2.53474464e+01 7.12094897e+01
 7.50000000e+01 2.53574044e+01 7.11057876e+01
 7.60000000e+01 2.53675224e+01 7.10006917e+01
 7.70000000e+01 2.53778004e+01 7.08942021e+01
 7.80000000e+01 2.53882385e+01 7.07863232e+01
 7.90000000e+01 2.53988366e+01 7.06770550e+01
 8.00000000e+01 2.54095948e+01 7.05663975e+01
 8.10000000e+01 2.54205131e+01 7.04543507e+01
 8.20000000e+01 2.54316016e+01 7.03409145e+01
 8.30000000e+01 2.54428603e+01 7.02260891e+01
 8.40000000e+01 2.54542893e+01 7.01098743e+01
 8.50000000e+01 2.54658885e+01 6.99922702e+01
 8.60000000e+01 2.54776580e+01 6.98732817e+01
 8.70000000e+01 2.54895977e+01 6.97529088e+01
 8.80000000e+01 2.55017077e+01 6.96311515e+01
 8.90000000e+01 2.55139879e+01 6.95079992e+01
 9.00000000e+01 2.55264383e+01 6.93834519e+01
 9.10000000e+01 2.55390697e+01 6.92575095e+01
 9.20000000e+01 2.55518819e+01 6.91301721e+01
 9.30000000e+01 2.55648750e+01 6.90014396e+01
 9.40000000e+01 2.55780489e+01 6.88713121e+01
 9.50000000e+01 2.55914038e+01 6.87397947e+01
 9.60000000e+01 2.56049395e+01 6.86068872e+01
 9.70000000e+01 2.56186561e+01 6.84725897e+01
 9.80000000e+01 2.56325647e+01 6.83369022e+01
 9.90000000e+01 2.56466652e+01 6.81998247e+01
 1.00000000e+02 2.56609577e+01 6.80613573e+01
 1.01000000e+02 2.56754422e+01 6.79214998e+01
 1.02000000e+02 2.56901186e+01 6.77802579e+01
 1.03000000e+02 2.57049869e+01 6.76376318e+01
 1.04000000e+02 2.57200472e+01 6.74936213e+01
 1.05000000e+02 2.57353110e+01 6.73482264e+01
 1.06000000e+02 2.57507783e+01 6.72014472e+01
 1.07000000e+02 2.57664490e+01 6.70532836e+01
 1.08000000e+02 2.57823232e+01 6.69037357e+01
 1.09000000e+02 2.57984009e+01 6.67528098e+01
 1.10000000e+02 2.58146820e+01 6.66005059e+01
 1.11000000e+02 2.58311667e+01 6.64468240e+01
 1.12000000e+02 2.58478667e+01 6.62917641e+01
 1.13000000e+02 2.58647821e+01 6.61353261e+01
 1.14000000e+02 2.58819129e+01 6.59775102e+01
 1.15000000e+02 2.58992591e+01 6.58183233e+01
 1.16000000e+02 2.59168206e+01 6.56577655e+01
 1.17000000e+02 2.59345976e+01 6.54958369e+01
 1.18000000e+02 2.59526023e+01 6.53325372e+01
 1.19000000e+02 2.59708347e+01 6.51678667e+01
 1.20000000e+02 2.59892949e+01 6.50018253e+01
 1.21000000e+02 2.60079827e+01 6.48344129e+01
 1.22000000e+02 2.60269061e+01 6.46656375e+01
 1.23000000e+02 2.60460652e+01 6.44954991e+01
 1.24000000e+02 2.60654735e+01 6.43239977e+01
 1.25000000e+02 2.60851309e+01 6.41511333e+01
 1.26000000e+02 2.61050375e+01 6.39769059e+01
 1.27000000e+02 2.61251933e+01 6.38013242e+01
 1.28000000e+02 2.61455982e+01 6.36243884e+01
 1.29000000e+02 2.61662523e+01 6.34460983e+01
 1.30000000e+02 2.61871696e+01 6.32664540e+01
 1.31000000e+02 2.62083499e+01 6.30854554e+01
 1.32000000e+02 2.62297934e+01 6.29031027e+01
 1.33000000e+02 2.62515000e+01 6.27194055e+01
 1.34000000e+02 2.62734697e+01 6.25343638e+01
 1.35000000e+02 2.62957025e+01 6.23479776e+01
 1.36000000e+02 2.63182127e+01 6.21602470e+01
 1.37000000e+02 2.63410003e+01 6.19711718e+01
 1.38000000e+02 2.63640653e+01 6.17807630e+01
 1.39000000e+02 2.63874076e+01 6.15890205e+01
 1.40000000e+02 2.64110274e+01 6.13959443e+01
 1.41000000e+02 2.64349390e+01 6.12015343e+01
 1.42000000e+02 2.64591425e+01 6.10057906e+01
 1.43000000e+02 2.64836379e+01 6.08087133e+01
 1.44000000e+02 2.65084252e+01 6.06103141e+01
 1.45000000e+02 2.65335045e+01 6.04105783e+01
 1.46000000e+02 2.65588903e+01 6.02095060e+01
 1.47000000e+02 2.65845827e+01 6.00070971e+01
 1.48000000e+02 2.66105817e+01 5.98033517e+01
 1.49000000e+02 2.66368873e+01 5.95982826e+01
 1.50000000e+02 2.66634995e+01 5.93918899e+01
 1.51000000e+02 2.66904331e+01 5.91841735e+01
 1.52000000e+02 2.67176881e+01 5.89751335e+01
 1.53000000e+02 2.67452644e+01 5.87647841e+01
 1.54000000e+02 2.67731620e+01 5.85531252e+01
 1.55000000e+02 2.68013811e+01 5.83401569e+01
 1.56000000e+02 2.68299362e+01 5.81258791e+01
 1.57000000e+02 2.68588275e+01 5.79102919e+01
 1.58000000e+02 2.68880549e+01 5.76934109e+01
 1.59000000e+02 2.69176184e+01 5.74752359e+01
 1.60000000e+02 2.69475326e+01 5.72557671e+01
 1.61000000e+02 2.69777974e+01 5.70350043e+01
 1.62000000e+02 2.70084130e+01 5.68129477e+01
 1.63000000e+02 2.70393962e+01 5.65896141e+01
 1.64000000e+02 2.70707471e+01 5.63650036e+01
 1.65000000e+02 2.71024812e+01 5.61391161e+01
 1.66000000e+02 2.71345987e+01 5.59119516e+01
 1.67000000e+02 2.71670995e+01 5.56835285e+01
 1.68000000e+02 2.71999836e+01 5.54538467e+01
 1.69000000e+02 2.72332664e+01 5.52229064e+01
 1.70000000e+02 2.72669477e+01 5.49907073e+01
 1.71000000e+02 2.73010276e+01 5.47572694e+01
 1.72000000e+02 2.73355060e+01 5.45225925e+01
 1.73000000e+02 2.73703831e+01 5.42866766e+01
 1.74000000e+02 2.74056735e+01 5.40495218e+01
 1.75000000e+02 2.74413770e+01 5.38111281e+01
 1.76000000e+02 2.74774939e+01 5.35715165e+01
 1.77000000e+02 2.75140240e+01 5.33306871e+01
 1.78000000e+02 2.75509812e+01 5.30886258e+01
 1.79000000e+02 2.75883656e+01 5.28453328e+01
 1.80000000e+02 2.76261772e+01 5.26008313e+01
 1.81000000e+02 2.76644159e+01 5.23551213e+01
 1.82000000e+02 2.77030947e+01 5.21082029e+01
 1.83000000e+02 2.77422137e+01 5.18600759e+01
 1.84000000e+02 2.77817727e+01 5.16107652e+01
 1.85000000e+02 2.78217719e+01 5.13602706e+01
 1.86000000e+02 2.78622231e+01 5.11085923e+01
 1.87000000e+02 2.79031262e+01 5.08557301e+01
 1.88000000e+02 2.79444813e+01 5.06017101e+01
 1.89000000e+02 2.79862884e+01 5.03465322e+01
 1.90000000e+02 2.80285581e+01 5.00901964e+01
 1.91000000e+02 2.80713174e+01 4.98327027e+01
 1.92000000e+02 2.81145664e+01 4.95740782e+01
 1.93000000e+02 2.81583051e+01 4.93143230e+01
 1.94000000e+02 2.82025436e+01 4.90534368e+01
 1.95000000e+02 2.82472820e+01 4.87914199e+01
 1.96000000e+02 2.82925202e+01 4.85283001e+01
 1.97000000e+02 2.83382583e+01 4.82640775e+01
 1.98000000e+02 2.83845048e+01 4.79987521e+01
 1.99000000e+02 2.84312598e+01 4.77323526e+01
 2.00000000e+02 2.84785231e+01 4.74648791e+01
 2.01000000e+02 2.85263017e+01 4.71963314e+01
 2.02000000e+02 2.85745955e+01 4.69267029e+01
 2.03000000e+02 2.86234045e+01 4.66560246e+01
 2.04000000e+02 2.86727287e+01 4.63842966e+01
 2.05000000e+02 2.87225732e+01 4.61115188e+01
 2.06000000e+02 2.87729380e+01 4.58376912e+01
 2.07000000e+02 2.88238230e+01 4.55628453e+01
 2.08000000e+02 2.88752282e+01 4.52869812e+01
 2.09000000e+02 2.89271569e+01 4.50100988e+01
 2.10000000e+02 2.89796091e+01 4.47321981e+01
 2.11000000e+02 2.90325847e+01 4.44533109e+01
 2.12000000e+02 2.90861168e+01 4.41734369e+01
 2.13000000e+02 2.91402053e+01 4.38925764e+01
 2.14000000e+02 2.91948503e+01 4.36107608e+01
 2.15000000e+02 2.92500518e+01 4.33279902e+01
 2.16000000e+02 2.93058091e+01 4.30442645e+01
 2.17000000e+02 2.93621223e+01 4.27595837e+01
 2.18000000e+02 2.94189913e+01 4.24739793e+01
 2.19000000e+02 2.94764137e+01 4.21874510e+01
 2.20000000e+02 2.95343895e+01 4.18999990e+01
 2.21000000e+02 2.95929187e+01 4.16116583e+01
 2.22000000e+02 2.96520013e+01 4.13224289e+01
 2.23000000e+02 2.97116330e+01 4.10323109e+01
 2.24000000e+02 2.97718140e+01 4.07413041e+01
 2.25000000e+02 2.98325441e+01 4.04494404e+01
 2.26000000e+02 2.98938175e+01 4.01567199e+01
 2.27000000e+02 2.99556343e+01 3.98631426e+01
 2.28000000e+02 3.00179945e+01 3.95687393e+01
 2.29000000e+02 3.00809290e+01 3.92735101e+01
 2.30000000e+02 3.01444294e+01 3.89774550e+01
 2.31000000e+02 3.02084959e+01 3.86806039e+01
 2.32000000e+02 3.02731283e+01 3.83829568e+01
 2.33000000e+02 3.03383170e+01 3.80845137e+01
 2.34000000e+02 3.04040619e+01 3.77852746e+01
 2.35000000e+02 3.04703631e+01 3.74852684e+01
 2.36000000e+02 3.05372096e+01 3.71844951e+01
 2.37000000e+02 3.06046015e+01 3.68829655e+01
 2.38000000e+02 3.06725386e+01 3.65807085e+01
 2.39000000e+02 3.07410210e+01 3.62777241e+01
 2.40000000e+02 3.08100367e+01 3.59740123e+01
 2.41000000e+02 3.08795856e+01 3.56696005e+01
 2.42000000e+02 3.09496679e+01 3.53644886e+01
 2.43000000e+02 3.10202704e+01 3.50586767e+01
 2.44000000e+02 3.10914193e+01 3.47521648e+01
 2.45000000e+02 3.11631145e+01 3.44449789e+01
 2.46000000e+02 3.12353410e+01 3.41371191e+01
 2.47000000e+02 3.13080988e+01 3.38285852e+01
 2.48000000e+02 3.13813879e+01 3.35194021e+01
 2.49000000e+02 3.14552083e+01 3.32095698e+01
 2.50000000e+02 3.15295442e+01 3.28990882e+01
 2.51000000e+02 3.16043958e+01 3.25879969e+01
 2.52000000e+02 3.16797629e+01 3.22762959e+01
 2.53000000e+02 3.17556294e+01 3.19639852e+01
 2.54000000e+02 3.18319953e+01 3.16510873e+01
 2.55000000e+02 3.19088606e+01 3.13376021e+01
 2.56000000e+02 3.19862087e+01 3.10235298e+01
 2.57000000e+02 3.20640396e+01 3.07088702e+01
 2.58000000e+02 3.21423744e+01 3.03936445e+01
 2.59000000e+02 3.22211951e+01 3.00778528e+01
 2.60000000e+02 3.23005016e+01 2.97614949e+01
 2.61000000e+02 3.23802938e+01 2.94445908e+01
 2.62000000e+02 3.24605536e+01 2.91271404e+01
 2.63000000e+02 3.25412809e+01 2.88091438e+01
 2.64000000e+02 3.26224757e+01 2.84906379e+01
 2.65000000e+02 3.27041197e+01 2.81716226e+01
 2.66000000e+02 3.27862129e+01 2.78520981e+01
 2.67000000e+02 3.28687552e+01 2.75320818e+01
 2.68000000e+02 3.29517468e+01 2.72115735e+01
 2.69000000e+02 3.30351691e+01 2.68905735e+01
 2.70000000e+02 3.31190385e+01 2.65690979e+01
 2.71000000e+02 3.32033551e+01 2.62471467e+01
 2.72000000e+02 3.32880994e+01 2.59247200e+01
 2.73000000e+02 3.33732714e+01 2.56018330e+01
 2.74000000e+02 3.34588711e+01 2.52784856e+01
 2.75000000e+02 3.35448792e+01 2.49546780e+01
 2.76000000e+02 3.36312959e+01 2.46304432e+01
 2.77000000e+02 3.37181209e+01 2.43057814e+01
 2.78000000e+02 3.38053354e+01 2.39806926e+01
 2.79000000e+02 3.38929392e+01 2.36551897e+01
 2.80000000e+02 3.39809324e+01 2.33292728e+01
 2.81000000e+02 3.40692960e+01 2.30029419e+01
 2.82000000e+02 3.41580422e+01 2.26761970e+01
 2.83000000e+02 3.42471710e+01 2.23490502e+01
 2.84000000e+02 3.43366628e+01 2.20215015e+01
 2.85000000e+02 3.44265177e+01 2.16935509e+01
 2.86000000e+02 3.45167355e+01 2.13652096e+01
 2.87000000e+02 3.46072971e+01 2.10364971e+01
 2.88000000e+02 3.46982024e+01 2.07074131e+01
 2.89000000e+02 3.47894515e+01 2.03779680e+01
 2.90000000e+02 3.48810252e+01 2.00481617e+01
 2.91000000e+02 3.49729236e+01 1.97179943e+01
 2.92000000e+02 3.50651467e+01 1.93874751e+01
 2.93000000e+02 3.51576845e+01 1.90566042e+01
 2.94000000e+02 3.52505368e+01 1.87253815e+01
 2.95000000e+02 3.53437038e+01 1.83938158e+01
 2.96000000e+02 3.54371662e+01 1.80619070e+01
 2.97000000e+02 3.55309240e+01 1.77296551e+01
 2.98000000e+02 3.56249773e+01 1.73970872e+01
 2.99000000e+02 3.57193071e+01 1.70642031e+01
 3.00000000e+02 3.58139134e+01 1.67310029e+01
 3.01000000e+02 3.59087962e+01 1.63974938e+01
 3.02000000e+02 3.60039370e+01 1.60636756e+01
 3.03000000e+02 3.60993421e+01 1.57295485e+01
 3.04000000e+02 3.61950117e+01 1.53951188e+01
 3.05000000e+02 3.62909267e+01 1.50603868e+01
 3.06000000e+02 3.63870873e+01 1.47253522e+01
 3.07000000e+02 3.64834933e+01 1.43900212e+01
 3.08000000e+02 3.65801262e+01 1.40543937e+01
 3.09000000e+02 3.66769859e+01 1.37184883e+01
 3.10000000e+02 3.67740724e+01 1.33823104e+01
 3.11000000e+02 3.68713673e+01 1.30458598e+01
 3.12000000e+02 3.69688707e+01 1.27091366e+01
 3.13000000e+02 3.70665824e+01 1.23721454e+01
 3.14000000e+02 3.71644887e+01 1.20348864e+01
 3.15000000e+02 3.72625894e+01 1.16973594e+01
 3.16000000e+02 3.73608846e+01 1.13595688e+01
 3.17000000e+02 3.74593559e+01 1.10215145e+01
 3.18000000e+02 3.75580032e+01 1.06831965e+01
 3.19000000e+02 3.76568266e+01 1.03446369e+01
 3.20000000e+02 3.77558079e+01 1.00058356e+01
 3.21000000e+02 3.78549471e+01 9.66679271e+00
 3.22000000e+02 3.79542441e+01 9.32751130e+00
 3.23000000e+02 3.80536810e+01 8.98799142e+00
 3.24000000e+02 3.81532605e+01 8.64823588e+00
 3.25000000e+02 3.82529827e+01 8.30824467e+00
 3.26000000e+02 3.83528293e+01 7.96801779e+00
 3.27000000e+02 3.84528004e+01 7.62755767e+00
 3.28000000e+02 3.85528959e+01 7.28686431e+00
 3.29000000e+02 3.86530978e+01 6.94595578e+00
 3.30000000e+02 3.87534060e+01 6.60483399e+00
 3.31000000e+02 3.88538206e+01 6.26349895e+00
 3.32000000e+02 3.89543237e+01 5.92195066e+00
 3.33000000e+02 3.90549152e+01 5.58019072e+00
 3.34000000e+02 3.91555967e+01 5.23821911e+00
 3.35000000e+02 3.92563502e+01 4.89603585e+00
 3.36000000e+02 3.93571755e+01 4.55364219e+00
 3.37000000e+02 3.94580726e+01 4.21103813e+00
 3.38000000e+02 3.95590237e+01 3.86822369e+00
 3.39000000e+02 3.96600285e+01 3.52521777e+00
 3.40000000e+02 3.97610872e+01 3.18202039e+00
 3.41000000e+02 3.98621817e+01 2.83863154e+00
 3.42000000e+02 3.99633121e+01 2.49505180e+00
 3.43000000e+02 4.00644604e+01 2.15128118e+00
 3.44000000e+02 4.01656269e+01 1.80731966e+00
 3.45000000e+02 4.02668116e+01 1.46316755e+00
 3.46000000e+02 4.03679962e+01 1.11882484e+00
 3.47000000e+02 4.04691809e+01 7.74291537e-01
