 1.00000000e+00 3.00000000e+01 9.80000000e+01
 2.00000000e+00 3.00000067e+01 9.79985553e+01
 3.00000000e+00 3.00000202e+01 9.79956657e+01
 4.00000000e+00 3.00000403e+01 9.79913314e+01
 5.00000000e+00 3.00000672e+01 9.79855522e+01
 6.00000000e+00 3.00001008e+01 9.79783283e+01
 7.00000000e+00 3.00001411e+01 9.79696595e+01
 8.00000000e+00 3.00001881e+01 9.79595459e+01
 9.00000000e+00 3.00002419e+01 9.79479875e+01
 1.00000000e+01 3.00003023e+01 9.79349844e+01
 1.10000000e+01 3.00003695e+01 9.79205364e+01
 1.20000000e+01 3.00004434e+01 9.79046436e+01
 1.30000000e+01 3.00005240e+01 9.78873059e+01
 1.40000000e+01 3.00006114e+01 9.78685235e+01
 1.50000000e+01 3.00007054e+01 9.78482963e+01
 1.60000000e+01 3.00008062e+01 9.78266243e+01
 1.70000000e+01 3.00009137e+01 9.78035074e+01
 1.80000000e+01 3.00010279e+01 9.77789458e+01
 1.90000000e+01 3.00011489e+01 9.77529393e+01
 2.00000000e+01 3.00012765e+01 9.77254881e+01
 2.10000000e+01 3.00014109e+01 9.76965920e+01
 2.20000000e+01 3.00015520e+01 9.76662512e+01
 2.30000000e+01 3.00016998e+01 9.76344655e+01
 2.40000000e+01 3.00018543e+01 9.76012350e+01
 2.50000000e+01 3.00020155e+01 9.75665597e+01
 2.60000000e+01 3.00021835e+01 9.75304396e+01
 2.70000000e+01 3.00023582e+01 9.74928747e+01
 2.80000000e+01 3.00025430e+01 9.74538650e+01
 2.90000000e+01 3.00027379e+01 9.74134105e+01
 3.00000000e+01 3.00029429e+01 9.73715111e+01
 3.10000000e+01 3.00031581e+01 9.73281670e+01
 3.20000000e+01 3.00033833e+01 9.72833781e+01
 3.30000000e+01 3.00036187e+01 9.72371443e+01
 3.40000000e+01 3.00038642e+01 9.71894658e+01
 3.50000000e+01 3.00041198e+01 9.71403424e+01
 3.60000000e+01 3.00043856e+01 9.70897742e+01
 3.70000000e+01 3.00046614e+01 9.70377613e+01
 3.80000000e+01 3.00049474e+01 9.69843035e+01
 3.90000000e+01 3.00052435e+01 9.69294008e+01
 4.00000000e+01 3.00055497e+01 9.68730532e+01
 4.10000000e+01 3.00058660e+01 9.68152606e+01
 4.20000000e+01 3.00061924e+01 9.67560232e+01
 4.30000000e+01 3.00065289e+01 9.66953408e+01
 4.40000000e+01 3.00068756e+01 9.66332135e+01
 4.50000000e+01 3.00072324e+01 9.65696413e+01
 4.60000000e+01 3.00075993e+01 9.65046242e+01
 4.70000000e+01 3.00079763e+01 9.64381622e+01
 4.80000000e+01 3.00083669e+01 9.63702552e+01
 4.90000000e+01 3.00087710e+01 9.63009034e+01
 5.00000000e+01 3.00091887e+01 9.62301066e+01
 5.10000000e+01 3.00096200e+01 9.61578649e+01
 5.20000000e+01 3.00100648e+01 9.60841783e+01
 5.30000000e+01 3.00105232e+01 9.60090467e+01
 5.40000000e+01 3.00109951e+01 9.59324703e+01
 5.50000000e+01 3.00114806e+01 9.58544488e+01
 5.60000000e+01 3.00119797e+01 9.57749822e+01
 5.70000000e+01 3.00124923e+01 9.56940706e+01
 5.80000000e+01 3.00130185e+01 9.56117139e+01
 5.90000000e+01 3.00135583e+01 9.55279121e+01
 6.00000000e+01 3.00141116e+01 9.54426653e+01
 6.10000000e+01 3.00146820e+01 9.53559734e+01
 6.20000000e+01 3.00152694e+01 9.52678364e+01
 6.30000000e+01 3.00158740e+01 9.51782544e+01
 6.40000000e+01 3.00164956e+01 9.50872273e+01
 6.50000000e+01 3.00171342e+01 9.49947552e+01
 6.60000000e+01 3.00177900e+01 9.49008378e+01
 6.70000000e+01 3.00184628e+01 9.48054752e+01
 6.80000000e+01 3.00191526e+01 9.47086673e+01
 6.90000000e+01 3.00198596e+01 9.46104142e+01
 7.00000000e+01 3.00205836e+01 9.45107159e+01
 7.10000000e+01 3.00213247e+01 9.44095723e+01
 7.20000000e+01 3.00220864e+01 9.43069834e+01
 7.30000000e+01 3.00228688e+01 9.42029493e+01
 7.40000000e+01 3.00236719e+01 9.40974700e+01
 7.50000000e+01 3.00244956e+01 9.39905454e+01
 7.60000000e+01 3.00253400e+01 9.38821754e+01
 7.70000000e+01 3.00262050e+01 9.37723599e+01
 7.80000000e+01 3.00270907e+01 9.36610990e+01
 7.90000000e+01 3.00279970e+01 9.35483926e+01
 8.00000000e+01 3.00289240e+01 9.34342407e+01
 8.10000000e+01 3.00298754e+01 9.33186434e+01
 8.20000000e+01 3.00308511e+01 9.32016006e+01
 8.30000000e+01 3.00318511e+01 9.30831124e+01
 8.40000000e+01 3.00328755e+01 9.29631787e+01
 8.50000000e+01 3.00339242e+01 9.28417993e+01
 8.60000000e+01 3.00349972e+01 9.27189742e+01
 8.70000000e+01 3.00360946e+01 9.25947034e+01
 8.80000000e+01 3.00372163e+01 9.24689869e+01
 8.90000000e+01 3.00383662e+01 9.23418247e+01
 9.00000000e+01 3.00395442e+01 9.22132168e+01
 9.10000000e+01 3.00407503e+01 9.20831632e+01
 9.20000000e+01 3.00419846e+01 9.19516639e+01
 9.30000000e+01 3.00432470e+01 9.18187186e+01
 9.40000000e+01 3.00445376e+01 9.16843273e+01
 9.50000000e+01 3.00458563e+01 9.15484901e+01
 9.60000000e+01 3.00472031e+01 9.14112068e+01
 9.70000000e+01 3.00485820e+01 9.12724776e+01
 9.80000000e+01 3.00499930e+01 9.11323024e+01
 9.90000000e+01 3.00514360e+01 9.09906812e+01
 1.00000000e+02 3.00529111e+01 9.08476137e+01
 1.01000000e+02 3.00544183e+01 9.07031000e+01
 1.02000000e+02 3.00559575e+01 9.05571400e+01
 1.03000000e+02 3.00575288e+01 9.04097336e+01
 1.04000000e+02 3.00591363e+01 9.02608810e+01
 1.05000000e+02 3.00607799e+01 9.01105821e+01
 1.06000000e+02 3.00624596e+01 8.99588369e+01
 1.07000000e+02 3.00641755e+01 8.98056451e+01
 1.08000000e+02 3.00659275e+01 8.96510067e+01
 1.09000000e+02 3.00677156e+01 8.94949217e+01
 1.10000000e+02 3.00695442e+01 8.93373900e+01
 1.11000000e+02 3.00714131e+01 8.91784118e+01
 1.12000000e+02 3.00733225e+01 8.90179869e+01
 1.13000000e+02 3.00752722e+01 8.88561154e+01
 1.14000000e+02 3.00772623e+01 8.86927969e+01
 1.15000000e+02 3.00792928e+01 8.85280315e+01
 1.16000000e+02 3.00813637e+01 8.83618191e+01
 1.17000000e+02 3.00834794e+01 8.81941597e+01
 1.18000000e+02 3.00856400e+01 8.80250534e+01
 1.19000000e+02 3.00878454e+01 8.78545000e+01
 1.20000000e+02 3.00900956e+01 8.76824994e+01
 1.21000000e+02 3.00923906e+01 8.75090514e+01
 1.22000000e+02 3.00947305e+01 8.73341561e+01
 1.23000000e+02 3.00971198e+01 8.71578134e+01
 1.24000000e+02 3.00995586e+01 8.69800234e+01
 1.25000000e+02 3.01020469e+01 8.68007856e+01
 1.26000000e+02 3.01045847e+01 8.66201002e+01
 1.27000000e+02 3.01071719e+01 8.64379670e+01
 1.28000000e+02 3.01098135e+01 8.62543861e+01
 1.29000000e+02 3.01125094e+01 8.60693575e+01
 1.30000000e+02 3.01152597e+01 8.58828811e+01
 1.31000000e+02 3.01180643e+01 8.56949566e+01
 1.32000000e+02 3.01209233e+01 8.55055840e+01
 1.33000000e+02 3.01238367e+01 8.53147633e+01
 1.34000000e+02 3.01268095e+01 8.51224945e+01
 1.35000000e+02 3.01298418e+01 8.49287776e+01
 1.36000000e+02 3.01329336e+01 8.47336122e+01
 1.37000000e+02 3.01360849e+01 8.45369982e+01
 1.38000000e+02 3.01392957e+01 8.43389358e+01
 1.39000000e+02 3.01425713e+01 8.41394248e+01
 1.40000000e+02 3.01459119e+01 8.39384653e+01
 1.41000000e+02 3.01493174e+01 8.37360570e+01
 1.42000000e+02 3.01527877e+01 8.35321997e+01
 1.43000000e+02 3.01563230e+01 8.33268936e+01
 1.44000000e+02 3.01599289e+01 8.31201385e+01
 1.45000000e+02 3.01636054e+01 8.29119346e+01
 1.46000000e+02 3.01673525e+01 8.27022814e+01
 1.47000000e+02 3.01711703e+01 8.24911790e+01
 1.48000000e+02 3.01750647e+01 8.22786273e+01
 1.49000000e+02 3.01790358e+01 8.20646263e+01
 1.50000000e+02 3.01830836e+01 8.18491761e+01
 1.51000000e+02 3.01872080e+01 8.16322763e+01
 1.52000000e+02 3.01914091e+01 8.14139269e+01
 1.53000000e+02 3.01956933e+01 8.11941279e+01
 1.54000000e+02 3.02000606e+01 8.09728793e+01
 1.55000000e+02 3.02045109e+01 8.07501808e+01
 1.56000000e+02 3.02090444e+01 8.05260324e+01
 1.57000000e+02 3.02136609e+01 8.03004341e+01
 1.58000000e+02 3.02183673e+01 8.00733859e+01
 1.59000000e+02 3.02231636e+01 7.98448879e+01
 1.60000000e+02 3.02280498e+01 7.96149397e+01
 1.61000000e+02 3.02330259e+01 7.93835413e+01
 1.62000000e+02 3.02380991e+01 7.91506929e+01
 1.63000000e+02 3.02432694e+01 7.89163943e+01
 1.64000000e+02 3.02485368e+01 7.86806454e+01
 1.65000000e+02 3.02539014e+01 7.84434463e+01
 1.66000000e+02 3.02593707e+01 7.82047968e+01
 1.67000000e+02 3.02649449e+01 7.79646971e+01
 1.68000000e+02 3.02706238e+01 7.77231470e+01
 1.69000000e+02 3.02764076e+01 7.74801466e+01
 1.70000000e+02 3.02823043e+01 7.72356958e+01
 1.71000000e+02 3.02883139e+01 7.69897947e+01
 1.72000000e+02 3.02944366e+01 7.67424432e+01
 1.73000000e+02 3.03006722e+01 7.64936415e+01
 1.74000000e+02 3.03070295e+01 7.62433895e+01
 1.75000000e+02 3.03135084e+01 7.59916873e+01
 1.76000000e+02 3.03201090e+01 7.57385349e+01
 1.77000000e+02 3.03268313e+01 7.54839325e+01
 1.78000000e+02 3.03336845e+01 7.52278800e+01
 1.79000000e+02 3.03406687e+01 7.49703775e+01
 1.80000000e+02 3.03477837e+01 7.47114252e+01
 1.81000000e+02 3.03550297e+01 7.44510234e+01
 1.82000000e+02 3.03624164e+01 7.41891718e+01
 1.83000000e+02 3.03699440e+01 7.39258706e+01
 1.84000000e+02 3.03776123e+01 7.36611204e+01
 1.85000000e+02 3.03854214e+01 7.33949212e+01
 1.86000000e+02 3.03933817e+01 7.31272729e+01
 1.87000000e+02 3.04014934e+01 7.28581756e+01
 1.88000000e+02 3.04097563e+01 7.25876302e+01
 1.89000000e+02 3.04181704e+01 7.23156366e+01
 1.90000000e+02 3.04267471e+01 7.20421950e+01
 1.91000000e+02 3.04354861e+01 7.17673052e+01
 1.92000000e+02 3.04443876e+01 7.14909686e+01
 1.93000000e+02 3.04534635e+01 7.12131851e+01
 1.94000000e+02 3.04627136e+01 7.09339546e+01
 1.95000000e+02 3.04721381e+01 7.06532790e+01
 1.96000000e+02 3.04817368e+01 7.03711580e+01
 1.97000000e+02 3.04915226e+01 7.00875919e+01
 1.98000000e+02 3.05014952e+01 6.98025804e+01
 1.99000000e+02 3.05116548e+01 6.95161124e+01
 2.00000000e+02 3.05220013e+01 6.92281878e+01
 2.01000000e+02 3.05325482e+01 6.89388066e+01
 2.02000000e+02 3.05432954e+01 6.86479706e+01
 2.03000000e+02 3.05542430e+01 6.83556799e+01
 2.04000000e+02 3.05654051e+01 6.80619343e+01
 2.05000000e+02 3.05767817e+01 6.77667340e+01
 2.06000000e+02 3.05883729e+01 6.74700813e+01
 2.07000000e+02 3.06001937e+01 6.71719763e+01
 2.08000000e+02 3.06122440e+01 6.68724188e+01
 2.09000000e+02 3.06245239e+01 6.65714121e+01
 2.10000000e+02 3.06370333e+01 6.62689561e+01
 2.11000000e+02 3.06497882e+01 6.59650508e+01
 2.12000000e+02 3.06627885e+01 6.56597001e+01
 2.13000000e+02 3.06760343e+01 6.53529040e+01
 2.14000000e+02 3.06895422e+01 6.50446626e+01
 2.15000000e+02 3.07033122e+01 6.47349758e+01
 2.16000000e+02 3.07173444e+01 6.44238485e+01
 2.17000000e+02 3.07316562e+01 6.41112807e+01
 2.18000000e+02 3.07462477e+01 6.37972723e+01
 2.19000000e+02 3.07611188e+01 6.34818294e+01
 2.20000000e+02 3.07762879e+01 6.31649519e+01
 2.21000000e+02 3.07917550e+01 6.28466398e+01
 2.22000000e+02 3.08075201e+01 6.25269003e+01
 2.23000000e+02 3.08235832e+01 6.22057333e+01
 2.24000000e+02 3.08399633e+01 6.18831389e+01
 2.25000000e+02 3.08566604e+01 6.15591257e+01
 2.26000000e+02 3.08736746e+01 6.12336936e+01
 2.27000000e+02 3.08910255e+01 6.09068426e+01
 2.28000000e+02 3.09087132e+01 6.05785828e+01
 2.29000000e+02 3.09267377e+01 6.02489143e+01
 2.30000000e+02 3.09451193e+01 5.99178370e+01
 2.31000000e+02 3.09638580e+01 5.95853627e+01
 2.32000000e+02 3.09829537e+01 5.92514915e+01
 2.33000000e+02 3.10024272e+01 5.89162233e+01
 2.34000000e+02 3.10222922e+01 5.85795717e+01
 2.35000000e+02 3.10425487e+01 5.82415369e+01
 2.36000000e+02 3.10632197e+01 5.79021188e+01
 2.37000000e+02 3.10843051e+01 5.75613330e+01
 2.38000000e+02 3.11058051e+01 5.72191797e+01
 2.39000000e+02 3.11277428e+01 5.68756586e+01
 2.40000000e+02 3.11501181e+01 5.65307878e+01
 2.41000000e+02 3.11729312e+01 5.61845671e+01
 2.42000000e+02 3.11962051e+01 5.58369965e+01
 2.43000000e+02 3.12199399e+01 5.54880962e+01
 2.44000000e+02 3.12441583e+01 5.51378659e+01
 2.45000000e+02 3.12688604e+01 5.47863059e+01
 2.46000000e+02 3.12940461e+01 5.44334382e+01
 2.47000000e+02 3.13197376e+01 5.40792630e+01
 2.48000000e+02 3.13459348e+01 5.37237801e+01
 2.49000000e+02 3.13726379e+01 5.33670141e+01
 2.50000000e+02 3.13998678e+01 5.30089651e+01
 2.51000000e+02 3.14276247e+01 5.26496329e+01
 2.52000000e+02 3.14559084e+01 5.22890444e+01
 2.53000000e+02 3.14847388e+01 5.19271993e+01
 2.54000000e+02 3.15141158e+01 5.15641267e+01
 2.55000000e+02 3.15440395e+01 5.11998082e+01
 2.56000000e+02 3.15745280e+01 5.08342440e+01
 2.57000000e+02 3.16055811e+01 5.04674666e+01
 2.58000000e+02 3.16372151e+01 5.00994761e+01
 2.59000000e+02 3.16694299e+01 4.97302725e+01
 2.60000000e+02 3.17022256e+01 4.93598902e+01
 2.61000000e+02 3.17356159e+01 4.89883292e+01
 2.62000000e+02 3.17696009e+01 4.86156258e+01
 2.63000000e+02 3.18041805e+01 4.82417798e+01
 2.64000000e+02 3.18393663e+01 4.78667912e+01
 2.65000000e+02 3.18751582e+01 4.74906974e+01
 2.66000000e+02 3.19115650e+01 4.71134983e+01
 2.67000000e+02 3.19485867e+01 4.67351940e+01
 2.68000000e+02 3.19862233e+01 4.63558225e+01
 2.69000000e+02 3.20244811e+01 4.59753838e+01
 2.70000000e+02 3.20633985e+01 4.55939164e+01
 2.71000000e+02 3.21029755e+01 4.52114204e+01
 2.72000000e+02 3.21432158e+01 4.48278956e+01
 2.73000000e+02 3.21841192e+01 4.44433807e+01
 2.74000000e+02 3.22256865e+01 4.40578756e+01
 2.75000000e+02 3.22679177e+01 4.36713803e+01
 2.76000000e+02 3.23108127e+01 4.32839329e+01
 2.77000000e+02 3.23543695e+01 4.28955336e+01
 2.78000000e+02 3.23985881e+01 4.25062198e+01
 2.79000000e+02 3.24434684e+01 4.21159914e+01
 2.80000000e+02 3.24890059e+01 4.17248486e+01
 2.81000000e+02 3.25352004e+01 4.13328280e+01
 2.82000000e+02 3.25820451e+01 4.09399364e+01
 2.83000000e+02 3.26295399e+01 4.05462116e+01
 2.84000000e+02 3.26776849e+01 4.01516534e+01
 2.85000000e+02 3.27264709e+01 3.97562620e+01
 2.86000000e+02 3.27758979e+01 3.93600733e+01
 2.87000000e+02 3.28259552e+01 3.89630875e+01
 2.88000000e+02 3.28766426e+01 3.85653388e+01
 2.89000000e+02 3.29279601e+01 3.81668272e+01
 2.90000000e+02 3.29798954e+01 3.77675529e+01
 2.91000000e+02 3.30324484e+01 3.73675485e+01
 2.92000000e+02 3.30856364e+01 3.69668139e+01
 2.93000000e+02 3.31394592e+01 3.65653803e+01
 2.94000000e+02 3.31939169e+01 3.61632474e+01
 2.95000000e+02 3.32489928e+01 3.57604155e+01
 2.96000000e+02 3.33046871e+01 3.53569137e+01
 2.97000000e+02 3.33609820e+01 3.49527420e+01
 2.98000000e+02 3.34178777e+01 3.45479280e+01
 2.99000000e+02 3.34753741e+01 3.41424717e+01
 3.00000000e+02 3.35334530e+01 3.37363730e+01
 3.01000000e+02 3.35921145e+01 3.33296767e+01
 3.02000000e+02 3.36513397e+01 3.29223827e+01
 3.03000000e+02 3.37111287e+01 3.25145157e+01
 3.04000000e+02 3.37714814e+01 3.21060758e+01
 3.05000000e+02 3.38323788e+01 3.16970628e+01
 3.06000000e+02 3.38938209e+01 3.12874999e+01
 3.07000000e+02 3.39557883e+01 3.08773871e+01
 3.08000000e+02 3.40182809e+01 3.04667458e+01
 3.09000000e+02 3.40812994e+01 3.00555761e+01
 3.10000000e+02 3.41448437e+01 2.96438780e+01
 3.11000000e+02 3.42089138e+01 2.92316715e+01
 3.12000000e+02 3.42734888e+01 2.88189565e+01
 3.13000000e+02 3.43385686e+01 2.84057519e+01
 3.14000000e+02 3.44041325e+01 2.79920575e+01
 3.15000000e+02 3.44701804e+01 2.75778908e+01
 3.16000000e+02 3.45367123e+01 2.71632517e+01
 3.17000000e+02 3.46037075e+01 2.67481611e+01
 3.18000000e+02 3.46711660e+01 2.63326348e+01
 3.19000000e+02 3.47390673e+01 2.59166728e+01
 3.20000000e+02 3.48074114e+01 2.55002901e+01
 3.21000000e+02 3.48761982e+01 2.50834867e+01
 3.22000000e+02 3.49454076e+01 2.46662625e+01
 3.23000000e+02 3.50150394e+01 2.42486313e+01
 3.24000000e+02 3.50850864e+01 2.38305931e+01
 3.25000000e+02 3.51555486e+01 2.34121607e+01
 3.26000000e+02 3.52264052e+01 2.29933342e+01
 3.27000000e+02 3.52976563e+01 2.25741253e+01
 3.28000000e+02 3.53693019e+01 2.21545340e+01
 3.29000000e+02 3.54413214e+01 2.17345605e+01
 3.30000000e+02 3.55137149e+01 2.13142156e+01
 3.31000000e+02 3.55864624e+01 2.08935194e+01
 3.32000000e+02 3.56595637e+01 2.04724819e+01
 3.33000000e+02 3.57329992e+01 2.00511030e+01
 3.34000000e+02 3.58067688e+01 1.96293827e+01
 3.35000000e+02 3.58808724e+01 1.92073302e+01
 3.36000000e+02 3.59552907e+01 1.87849454e+01
 3.37000000e+02 3.60300236e+01 1.83622367e+01
 3.38000000e+02 3.61050597e+01 1.79392042e+01
 3.39000000e+02 3.61803990e+01 1.75158556e+01
 3.40000000e+02 3.62560414e+01 1.70921908e+01
 3.41000000e+02 3.63319675e+01 1.66682100e+01
 3.42000000e+02 3.64081772e+01 1.62439201e+01
 3.43000000e+02 3.64846514e+01 1.58193213e+01
 3.44000000e+02 3.65613900e+01 1.53944200e+01
 3.45000000e+02 3.66383740e+01 1.49692351e+01
 3.46000000e+02 3.67156036e+01 1.45437725e+01
 3.47000000e+02 3.67930786e+01 1.41180320e+01
 3.48000000e+02 3.68707805e+01 1.36920137e+01
 3.49000000e+02 3.69487092e+01 1.32657228e+01
 3.50000000e+02 3.70268463e+01 1.28391592e+01
 3.51000000e+02 3.71051965e+01 1.24123278e+01
 3.52000000e+02 3.71837412e+01 1.19852284e+01
 3.53000000e+02 3.72624804e+01 1.15578653e+01
 3.54000000e+02 3.73414141e+01 1.11302386e+01
 3.55000000e+02 3.74205238e+01 1.07023482e+01
 3.56000000e+02 3.74998096e+01 1.02741980e+01
 3.57000000e+02 3.75792533e+01 9.84578788e+00
 3.58000000e+02 3.76588549e+01 9.41713931e+00
 3.59000000e+02 3.77385963e+01 8.98825227e+00
 3.60000000e+02 3.78184775e+01 8.55912956e+00
 3.61000000e+02 3.78984987e+01 8.12977119e+00
 3.62000000e+02 3.79786418e+01 7.70017715e+00
 3.63000000e+02 3.80589070e+01 7.27034987e+00
 3.64000000e+02 3.81392785e+01 6.84028934e+00
 3.65000000e+02 3.82197564e+01 6.40999763e+00
 3.66000000e+02 3.83003227e+01 5.97947475e+00
 3.67000000e+02 3.83809775e+01 5.54872238e+00
 3.68000000e+02 3.84617207e+01 5.11774053e+00
 3.69000000e+02 3.85425345e+01 4.68652920e+00
 3.70000000e+02 3.86234190e+01 4.25510748e+00
 3.71000000e+02 3.87043563e+01 3.82347536e+00
 3.72000000e+02 3.87853465e+01 3.39163380e+00
 3.73000000e+02 3.88663720e+01 2.95958278e+00
 3.74000000e+02 3.89474326e+01 2.52732294e+00
 3.75000000e+02 3.90285285e+01 2.09485428e+00
 3.76000000e+02 3.91096423e+01 1.66217679e+00
 3.77000000e+02 3.91907740e+01 1.22929079e+00
 3.78000000e+02 3.92719057e+01 7.96196285e-01
